-0
1.3586e-06
9.01445e-06
2.08594e-05
2.36433e-05
2.8669e-19
-5.71041e-05
-0.000130811
-0.000178127
-0.000145564
-1.25405e-18
0.000238592
0.000482289
0.000594851
0.000448502
3.16176e-18
-0.000649473
-0.00124997
-0.00147691
-0.00107201
-6.26109e-18
0.00145517
0.00272379
0.00313771
0.00222528
1.0603e-17
-0.00290022
-0.00533306
-0.0060451
-0.00422521
-1.58979e-17
0.00537409
0.00978653
0.0110053
0.00764588
2.14921e-17
-0.00967191
-0.0176341
-0.0199173
-0.0139515
-2.64835e-17
0.0182156
0.0340958
0.0399348
0.0294119
2.99457e-17
-0.0455768
-0.0994496
-0.150388
-0.186795
0.8
-0.186795
-0.150388
-0.0994496
-0.0455768
2.99457e-17
0.0294119
0.0399348
0.0340958
0.0182156
-2.64835e-17
-0.0139515
-0.0199173
-0.0176341
-0.00967191
2.14921e-17
0.00764588
0.0110053
0.00978653
0.00537409
-1.58979e-17
-0.00422521
-0.0060451
-0.00533306
-0.00290022
1.0603e-17
0.00222528
0.00313771
0.00272379
0.00145517
-6.26109e-18
-0.00107201
-0.00147691
-0.00124997
-0.000649473
3.16176e-18
0.000448502
0.000594851
0.000482289
0.000238592
-1.25405e-18
-0.000145564
-0.000178127
-0.000130811
-5.71041e-05
2.8669e-19
2.36433e-05
2.08594e-05
9.01445e-06
1.3586e-06
-0
